#12916
10
C
C
C
C
C
C
H
H
H
H
9
0 1 1
1 2 1
2 3 1
3 4 1
4 5 1
5 6 1
4 7 1
4 8 1
1 9 1

#9301
12
C
C
C
C
C
C
C
C
H
C
H
H
11
0 1 1
1 2 1
2 3 1
3 4 2
4 5 1
5 6 2
6 7 1
7 8 1
7 9 2
2 10 1
1 11 1

#7690
10
C
C
C
H
C
C
H
C
H
N
9
0 1 1
1 2 1
2 3 1
2 4 2
4 5 1
4 6 1
1 7 2
7 8 1
0 9 1

#8345
7
C
C
C
H
H
H
C
6
0 1 1
1 2 1
2 3 1
2 4 1
2 5 1
0 6 2

#10010
10
C
C
C
C
H
C
C
H
C
C
10
0 1 1
1 2 1
2 3 1
3 4 1
1 5 2
5 6 1
6 7 1
6 8 2
8 9 1
9 0 2

#6273
7
C
C
C
N
C
C
C
6
0 1 1
1 2 1
2 3 1
3 4 1
4 5 2
3 6 1

#8037
8
C
C
C
H
N
C
C
H
7
0 1 1
1 2 1
2 3 1
2 4 1
4 5 1
5 6 1
1 7 1

#6363
10
C
C
C
N
C
C
C
C
C
C
9
0 1 1
1 2 1
2 3 1
3 4 1
4 5 1
0 6 2
6 7 1
7 8 2
8 9 1

#2293
10
C
C
H
C
C
C
C
N
C
C
9
0 1 1
1 2 1
1 3 2
3 4 1
4 5 2
0 6 2
6 7 1
7 8 1
8 9 2

#10798
8
C
C
C
C
C
C
C
H
7
0 1 1
1 2 1
2 3 1
3 4 1
2 5 2
5 6 1
5 7 1

#2215
10
C
C
H
C
C
N
C
H
C
H
9
0 1 1
1 2 1
1 3 2
3 4 1
3 5 1
5 6 1
0 7 1
0 8 2
8 9 1

#2313
9
C
C
H
C
C
C
C
C
H
8
0 1 1
1 2 1
1 3 2
3 4 1
4 5 2
0 6 2
6 7 1
7 8 1

#1380
7
C
C
H
O
C
H
H
6
0 1 1
1 2 1
0 3 1
3 4 1
4 5 1
4 6 1

#3606
10
C
C
H
C
C
H
C
N
C
C
9
0 1 1
1 2 1
1 3 2
3 4 1
4 5 1
4 6 2
6 7 1
7 8 1
0 9 2

#5037
10
C
C
C
C
C
C
C
C
C
C
10
0 1 1
1 2 1
2 3 2
3 4 1
4 5 2
5 6 1
6 1 2
0 7 2
7 8 1
8 9 2

#6406
13
C
C
C
N
C
C
C
H
C
C
C
H
H
12
0 1 1
1 2 1
2 3 1
3 4 1
4 5 1
1 6 2
6 7 1
0 8 2
8 9 1
9 10 2
10 11 1
8 12 1

#3464
13
C
C
H
C
C
H
H
C
C
N
C
C
C
12
0 1 1
1 2 1
1 3 2
3 4 1
4 5 1
0 6 1
0 7 2
7 8 1
8 9 1
9 10 1
10 11 2
11 12 1

#12156
12
C
C
C
C
C
H
C
C
C
C
H
H
12
0 1 1
1 2 1
2 3 1
3 4 1
4 5 1
4 6 2
6 7 1
7 8 2
8 9 1
9 3 2
9 10 1
6 11 1

#7646
9
C
C
C
H
C
C
C
C
C
8
0 1 1
1 2 1
2 3 1
2 4 2
4 5 1
1 6 2
6 7 1
7 8 2

#10263
11
C
C
C
C
H
H
C
C
C
H
C
10
0 1 1
1 2 1
2 3 1
3 4 1
2 5 1
1 6 2
6 7 1
7 8 2
6 9 1
0 10 2

#3668
11
C
C
H
C
C
H
C
C
C
C
H
10
0 1 1
1 2 1
1 3 2
3 4 1
4 5 1
4 6 2
6 7 1
0 8 2
8 9 1
9 10 1

#6266
7
C
C
C
N
C
C
C
6
0 1 1
1 2 1
2 3 1
3 4 1
4 5 2
1 6 2

#3112
11
C
C
H
C
C
N
C
H
H
C
C
10
0 1 1
1 2 1
1 3 2
3 4 1
4 5 1
5 6 1
5 7 1
0 8 1
0 9 2
9 10 1

#13217
10
C
C
C
C
C
C
C
H
C
C
9
0 1 1
1 2 1
2 3 1
3 4 1
4 5 1
5 6 1
6 7 1
1 8 2
8 9 1

#4858
11
C
C
C
C
C
C
C
C
H
C
C
10
0 1 1
1 2 1
2 3 2
3 4 1
4 5 2
5 6 1
6 7 2
5 8 1
1 9 2
9 10 1

#9087
11
C
C
C
C
C
C
C
C
C
C
C
10
0 1 1
1 2 1
2 3 1
3 4 2
4 5 1
5 6 2
6 7 1
1 8 2
8 9 1
0 10 2

#10099
12
C
C
C
C
H
C
C
C
C
C
C
H
11
0 1 1
1 2 1
2 3 1
3 4 1
2 5 2
5 6 1
0 7 2
7 8 1
8 9 2
9 10 1
7 11 1

#7514
7
C
C
C
H
C
H
C
6
0 1 1
1 2 1
2 3 1
2 4 2
4 5 1
1 6 2

#11939
11
C
C
C
C
C
H
H
C
C
C
H
10
0 1 1
1 2 1
2 3 1
3 4 1
4 5 1
3 6 1
0 7 2
7 8 1
8 9 2
9 10 1

#713
7
C
C
N
C
C
C
H
6
0 1 1
1 2 1
2 3 1
2 4 1
1 5 2
5 6 1

